2735 3899 2735
886 1633 886
1001 1838 1001
1064 737 737
805 1483 805
3 6 7
1565 1565 1782
20 8 20
5 2 5
2313 2981 2313
1296 1710 1296
5 1 5
17 15 3
9 53 45
27 135 137
405 81 422
1215 243 1436
24 24 8
12 12 4
2 6 6
3 1 3
3645 3779 729
11769 2187 10935
239 239 239
1610 2407 1610
2069 2275 2069
3607 2884 2884
27 81 81
4 4 4
16 16 16
2 2 2
8 8 8
32 32 32
1 1 1
9 27 27
3 9 9
1 3 3
2048 4357 3072
512 1087 768
284 192 128
48 58 32
8 12 15
3 2 3
379 379 512
2775 3890 2775
29 16 24
6 4 8
16384 27340 24576
4096 6751 6144
1565 1024 1536
147 64 96
384 587 256
1324 1324 1915
260 277 260
2976 2976 5834
112 16 113
1024 7168 7753
1 7 7
1792 256 2016
117805 16384 114688
448 470 64
28679 28672 4096
256 384 512
128 192 256
128 64 96
64 32 48
16 32 24
8 12 16
8 4 6
4 2 3
96 96 16
64 384 384
24 4 24
6 6 1
4 28 31
933 933 1127
2 3 4
476 476 476
2489 1534 1534
6 11 9
3 3 2
851 1211 851
348 329 329
18 33 18
958 958 1727
623 935 623
2107 2107 2107
1666 1666 1972
5 5 2
7 1 7
3 21 21
9 63 63
5 5 2
10 10 4
20 20 8
40 16 40
80 32 80
160 64 160
128 320 320
640 256 640
3459 1829 1829
770 770 770
1804 1804 3384
5936 22080 22864
2153 3206 2153
1046 1046 2075
1693 1693 3280
16 80 80
1 5 5
20 20 4
2424 2424 2424
1502 1502 1502
5 5 2
8 20 20
80 32 80
128 320 320
512 1280 1280
5120 5120 2048
1566 1566 1566
2730 2730 4855
1757 1757 3214
4 4 4
16 16 22
64 70 64
318 256 256
2881 2881 2881
4123 2407 2407
2145 2145 2145
1645 1645 1920
3 6 4
16 12 24
96 64 48
481 256 384
234 128 192
132 96 64
67 48 32
16 31 24
12 8 19
4 8 6
81920 81920 81920
20 20 20
1280 1280 1280
80 80 80
20480 20480 20480
5120 5120 5120
320 320 320
5 5 5
3 4 2
1 7 7
3 21 21
9 63 63
4 3 2
16 12 8
64 48 32
128 256 192
2 6 6
54 162 162
18 54 54
18 18 6
768 512 1024
2048 4096 3072
8192 16384 12288
189 189 27
81 567 567
243 1701 1701
8 8 8
4 4 4
2 2 2
1 1 1
5103 729 5103
192 256 384
1 6 6
18 18 3
54 54 9
162 162 27
486 81 486
243 1458 1458
4374 729 4374
13122 13122 2187
1536 1024 768
3072 6144 4096
12288 24576 16384
1995 1995 2321
2900 5681 2900
729 500 500
1286 1851 1286
6 12 9
4 3 2
2916 1458 2187
36 27 18
729 486 972
54 108 81
6561 4374 8748
162 243 324
550 550 550
2685 3964 2685
4 12 12
1034 1103 1034
775 775 981
3477 2146 2146
468 468 645
821 821 821
2193 2193 2236
4 5 3
81920 81920 89850
20480 20480 28566
5120 5120 9553
1280 1840 1280
320 498 320
80 90 80
20 20 28
5 5 6
2834 2834 2834
2243 2243 2243
1710 1710 1710
1935 1935 3718
160 160 160
1200 1394 1200
3823 2064 2064
300 300 547
1837 1837 2866
2789 5566 2789
2861 5037 2861
3894 2453 2453
2286 1979 1979
3120 2147 2147
5 1 5
10 10 2
20 20 4
40 8 40
3255 2379 2379
626 626 626
1953 1953 1953
1574 1574 1574
445 743 445
1950 1950 1950
1938 1796 1796
14689 14111 4080
657 657 657
1652 1652 2977
2185 2668 2185
1486 1813 1486
2 2 2
15680 22638 27538
2039 2039 2039
3741 2342 2342
1775 1775 1775
6 7 3
12 28 24
112 96 48
448 192 384
2 4 4
8 8 4
16 16 8
5 4 3
12 23 16
109 64 48
319 192 256
32 16 32
64 32 64
1536 768 1792
6144 7168 3072
766 766 1220
75 75 143
2791 2791 4679
1462 1462 2725
2154 3072 2154
1128 1898 1128
1246 2101 1246
1526 2368 1526
2378 2378 3734
1293 1108 1108
2008 3631 2008
3 3 1
684 678 678
3348 2023 2023
1181 1181 2075
1184 1184 1581
12628 12653 795
569 569 940
1209 1209 1254
89 174 89
3476 1887 1887
2530 1709 3889
476 476 733
1816 3208 1816
2475 2475 2632
1816 1816 2290
157 305 157
7 7 1
4 28 28
1792 256 1792
16 112 112
64 448 448
10 13 5
2598 2598 2598
1032 1032 1174
1069 1069 1069
5 3 6
12 24 20
1 3 3
12 12 4
48 48 16
192 64 192
256 768 768
3072 1024 3072
12288 12288 4096
49152 49152 16384
499 499 979
2196 2196 2196
2052 13077 12915
2252 2045 2045
4129 2593 2593
919 1060 919
10 11 7
1564 2675 1564
9 4 6
54 9 54
486 81 486
18 3 18
6 7 3
1 6 6
27 162 162
140 194 140
10 10 16
285 538 285
59 59 86
748 748 1397
2823 2823 4289
3724 2211 2211
1 3 3
4 12 12
5 9 6
48 16 48
64 192 192
7 7 1
14 15 2
30 4 28
56 61 8
112 16 114
256 768 768
3072 1024 3072
12288 4096 12288
2834 2834 5547
759 759 759
2589 2589 2589
48 8 48
24 24 4
192 32 192
1 6 6
384 64 384
96 16 96
2 12 12
1891 1891 1891
2744 4545 2744
1916 1916 1916
503 503 503
161 308 161
882 788 788
216 97 183
311 311 480
135 27 135
45 45 9
81 405 405
15 3 15
5 5 1
80 191 225
2714 4760 2714
1726 1726 1726
1613 3036 1613
279 279 439
8184 18385 16463
90 165 241
64 80 48
4 3 5
12 20 16
1146 1412 1146
425 425 689
1158 1158 1158
353 480 353
2314 1316 1316
2271 2271 2271
2622 2622 5054
2567 2567 2567
1813 1813 1813
1286 685 685
898 4026 3204
21969 20880 6831
960 511 511
8 14 12
16 24 28
6 7 4
56 32 48
1608 2920 1608
2926 2926 2926
3 2 2
9 6 6
18 27 18
81 54 54
162 162 243
486 486 729
3780 2731 2731
16 56 56
112 32 112
4 14 14
7 2 7
224 64 224
28 28 8
1511 2828 1511
2497 2026 2026
1458 835 835
2105 2105 3477
581 581 581
1110 1110 1110
12 10 8
4 6 5
1956 2181 1956
1307 1307 1900
817 834 817
2184 2263 3145
2708 3882 2708
1355 754 754
3618 2064 2064
120 226 120
2177 3244 2707
3 4 5
2 2 2
4 4 4
8 8 8
344 64 320
3 4 3
12 9 9
27 36 27
36 18 27
4 3 2
9 6 12
108 54 81
81 16 80
20 4 23
2 8 8
16 16 4
32 32 8
64 16 64
4 4 1
32 128 128
5 1 5
16 16 16
1 6 6
24 4 27
32 32 32
4308 2792 2792
4329 2290 2290
2196 2196 3106
169 169 280
2370 2370 2370
2947 4209 2947
2728 1400 1400
2274 2274 2274
427 427 695
506 857 506
1579 1579 1579
88 88 138
2797 1821 1821
15220 9744 11692
303 303 315
112 48 80
28 12 20
1792 768 1280
448 192 320
7 5 3
1392 1392 2489
1723 1723 1723
855 855 1133
224 258 224
683 479 479
1477 1477 2635
1157 802 802
13122 13122 2187
729 4374 4374
243 1458 1458
81 486 486
162 27 162
9 54 54
3 18 18
6 6 1
2 5 5
19105 15743 10824
1162 1269 1162
12 16 16
4 3 4
64 48 64
192 256 256
2184 2184 2184
2129 2129 2129
12 7 9
231 110 155
54 45 54
18 18 15
32 32 16
8 4 8
64 128 128
512 256 512
2 1 2
5 6 6
2786 4540 2786
1833 1833 3219
39 32 16
128 64 158
73 64 32
2 5 4
2444 1024 2048
134 128 64
4 10 8
4096 11525 8192
1 2 2
512 551 256
32 37 16
37015 32768 16384
2 1 2
21 16 8
8 4 9
2 8 8
4 1 4
128 294 256
2374 4658 2374
20 28 16
7 5 4
10 8 14
2917 2917 5203
1102 1755 1102
3994 2162 1972
1588 1588 2610
3 6 6
9 18 26
27 80 54
5 4 2
8 20 16
32 64 80
256 128 320
162 81 229
1 3 3
16 48 48
12 12 4
24 8 24
2 6 6
486 243 496
1541 1458 729
2 4 4
16 8 16
64 64 32
256 256 128
1024 1024 512
4 7 7
3787 3221 1120
8 8 2
1 4 4
48 56 72
28 37 24
20 12 14
192 238 224
112 96 146
9 7 6
661 1147 661
2998 1968 1968
12 4 12
3 3 1
3603 1895 1895
17296 21904 13440
517 815 517
3710 1906 1906
7 3 5
28 12 20
80 112 48
320 192 448
768 1792 1280
3072 5120 7168
12288 28672 20480
7 4 6
12 27 21
2 2 2
1 1 1
8 8 8
16 16 16
4 4 4
726 568 568
34 244 218
1251 1251 1251
1937 2253 1937
5 5 1
17 3 15
45 9 49
137 27 135
81 405 469
523 417 417
6 5 2
8 24 20
96 80 32
81 135 189
15 9 21
63 45 27
5 7 3
243 405 567
908 908 1615
3 2 3
12 8 12
48 48 32
128 192 192
2839 1555 1555
558 902 558
2895 2895 3630
2675 2675 2675
1602 1602 2159
1493 1464 1464
1372 1919 1372
830 830 965
5 5 4
16 20 35
64 90 80
12 13 2
1 6 6
4489 2844 2844
570 570 934
5178 2634 2634
114 153 114
1306 2373 1306
444 861 444
3 6 4
277 277 277
91 115 91
30 29 29
412 412 717
768 768 512
192 128 192
48 32 48
12 8 12
3 3 2
28 28 8
7 7 2
323 323 450
3855 2377 2377
1686 2445 1686
1136 599 599
2418 1308 1308
6 2 6
18 18 6
18 54 54
162 54 162
162 486 486
486 1458 1458
1638 3212 1638
4204 2762 2762
604 327 327
54 135 162
405 486 162
2 6 5
45 18 54
6 18 15
126 126 133
8 8 12
1510 1510 1685
907 638 638
3203 2073 2073
1092 1092 1167
2472 1309 1309
2362 1186 1186
202 202 202
122 156 218
2576 4132 2576
436 629 436
1 5 5
2 3 2
64 96 64
8 12 8
48 32 32
16 16 24
6 4 4
2016 2016 2820
1419 1823 1419
944 944 1511
2799 2799 2799
1003 1844 1003
160 128 64
64 32 80
16 32 40
20 16 8
8 10 4
5 2 4
2688 2688 5050
363 429 363
3141 1622 1622
467 467 467
2 1 2
4 2 4
8 8 4
16 16 8
32 16 32
64 64 32
128 128 64
256 256 128
16 112 112
14 14 2
28 28 4
7 7 1
56 56 8
158 233 105
1971 1971 1971
108 54 81
27 36 18
6 12 9
162 243 324
3 2 4
1545 1545 1843
296 296 332
2051 2051 2898
2325 2243 2243
1131 1131 1131
2256 3422 2256
1344 1823 1344
23976 7776 22680
2632 2036 2036
1348 2114 1348
5 2 4
8 16 20
80 64 32
128 256 320
512 1280 1024
2960 2960 4329
1463 1463 1463
2349 2349 3541
24 24 8
6 2 6
96 96 32
2406 2406 4199
153 153 153
708 708 708
213 213 282
2280 2280 3694
6 6 3
48 32 48
128 192 192
3072 2048 3072
8 12 12
4 3 5
12 15 9
36 45 27
108 135 81
324 243 405
1215 972 729
3 2 3
512 768 768
647 403 403
9 54 56
19 18 3
6 1 6
1981 1981 2414
1679 1679 1679
1599 2166 1599
174 174 236
12 5 11
211 361 211
3011 2335 2335
4 5 3
12 15 9
1075 1075 1355
2722 4150 2722
412 412 412
335 626 335
10036 9964 1200
1557 2836 1557
724 1224 724
1848 1467 1467
12 12 16
2 3 3
9 11 8
1366 2511 1366
654 654 654
3417 2999 2999
2 6 7
6 18 23
18 54 58
4 5 2
8 10 4
6 11 11
8 10 4
2 2 1
4 5 2
20 16 8
2451 2451 3317
2067 2067 2067
3835 2680 2680
3802 2830 2830
18 27 36
54 96 81
4 3 2
6 9 12
3616 1824 2688
2790 2542 2542
2894 2894 2894
15 15 3
18 63 72
64 80 134
6 1 6
3 18 18
54 9 54
162 27 162
486 81 486
4 2 5
20 16 26
2 7 8
48 48 16
96 32 96
8 24 24
6 2 6
12 4 12
21 6 24
9 45 45
135 135 27
5 5 1
405 81 405
3572 2309 2309
4730 2681 2681
2900 1697 1697
11424 27170 29474
322 367 322
1559 2654 1559
5203 2660 2660
2027 2532 2027
2834 1657 1657
4 6 5
24 16 20
64 80 96
256 320 384
1280 1024 1536
6144 5120 4096
20480 16384 24576
65536 98304 81920
308 308 334
5856 6290 8594
765 765 765
2649 1328 1328
1244 2260 1244
6 3 5
2097 2097 2097
1 6 6
18 18 3
9 54 54
162 27 162
486 81 486
10 5 13
1749 1237 1237
498 498 817
2392 2956 2392
166 96 96
2131 1196 1196
2616 2616 3465
7570 1952 7314
19344 11890 22706
1786 1786 2951
2752 2752 2752
743 743 1319
4516 2334 2334
2957 2365 2365
162 81 108
54 27 36
12 18 9
24 24 4
12 12 2
6 6 1
3 6 4
1403 1403 1403
729 1458 1458
486 243 486
162 162 81
27 54 54
9 18 18
6 3 6
2 2 1
2623 2623 3691
3340 851 3937
916 1029 916
2184 2184 4238
1737 1737 2095
1706 2615 1706
64 80 133
60 40 32
22 16 20
16 8 10
7 7 3
21 21 9
27 63 63
189 189 81
243 567 567
4 8 5
2175 2175 2175
2605 2605 5122
2874 4501 2874
1607 1073 1073
2327 1434 1434
1310 1310 1310
1336 1336 1336
1303 1303 1319
2251 3989 2251
1885 1885 3094
24 24 24
96 96 96
136 48 112
28 12 30
17 6 14
24 56 76
7 3 9
384 384 384
6 6 6
48 93 56
28 33 24
14 21 12
7 6 9
3 5 4
320 192 256
1024 1280 768
20 12 16
80 64 48
3072 5120 4096
3054 2500 2500
58 54 54
1234 1234 1234
460 460 671
6 4 6
642 642 1241
4356 3267 5445
96 96 32
6 6 2
1536 512 1536
8192 24576 24576
6144 2048 6144
24 8 24
384 128 384
756 756 756
857 857 1652
2757 2448 2448
1728 1728 1891
371 371 651
2295 2643 2295
331 331 331
363 363 476
38 28 28
3254 2348 2348
4 10 10
16 40 40
160 64 160
80 32 80
20 8 20
45 54 81
27 15 18
9 5 6
5 2 5
389 389 479
2151 2709 2151
668 668 668
1440 1440 1440
648 648 1013
317 317 583
2091 2091 2854
4 12 12
24 24 8
6 6 2
1088 1088 1120
108 242 146
1489 1489 1544
1325 1325 1325
2768 2536 2536
31 39 31
4 2 5
12 4 10
26 20 8
16 40 49
32 80 81
189 64 160
2956 2482 2482
749 1286 749
1130 1130 1130
5212 2749 2749
582 907 582
1435 1435 1435
389 706 389
7 7 2
14 15 4
4 3 6
12 16 24
48 64 96
256 192 384
768 1024 1536
4096 6144 3072
28 34 8
16 56 69
2538 2538 3522
342 342 390
535 437 437
1038 1038 1328
1181 1181 1181
2375 3840 2375
